{
  "advancedEditorSelectedIdentifier" : "ProjectBrowser",
  "openSceneRelativePaths" : [
    "Scenes\/Scene 1.usda",
    "..\/..\/..\/..\/JTI_RealityComposerPro\/Scene 1.usd"
  ],
  "recentIdentifiers" : {
    "7A9E2355-63E7-4D2D-A902-A4256197FEF3" : [

    ],
    "397DD14B-7E89-47BF-A1FB-1BE4B6D64FE6" : [

    ],
    "0889C357-08D3-4881-A9DC-C1C59D400CBD" : [

    ],
    "AF93F2E4-4066-4ABF-90C5-8166D4CE6592" : [

    ]
  },
  "sceneCameraHistory" : {
    "7A9E2355-63E7-4D2D-A902-A4256197FEF3" : [
      {
        "date" : 717833075.118772,
        "title" : "Untitled",
        "transform" : [
          0.64514554,
          2.9685028e-09,
          0.7640598,
          0,
          0.26217076,
          0.93928844,
          -0.22136782,
          0,
          -0.7176726,
          0.34312862,
          0.6059776,
          0,
          -1.0905223,
          0.6838428,
          0.9607151,
          1
        ]
      },
      {
        "date" : 717833070.705324,
        "title" : "Untitled",
        "transform" : [
          0.99802995,
          3.1115777e-10,
          0.062739834,
          0,
          0.025772672,
          0.9117316,
          -0.4099771,
          0,
          -0.05720189,
          0.41078642,
          0.9099354,
          0,
          -0.061471146,
          0.79049885,
          1.463956,
          1
        ]
      },
      {
        "date" : 717832584.343365,
        "title" : "Untitled",
        "transform" : [
          0.999699,
          3.55457e-10,
          0.024533492,
          0,
          0.0066619273,
          0.962426,
          -0.2714624,
          0,
          -0.02361167,
          0.2715442,
          0.96213627,
          0,
          -0.0046591074,
          0.57521963,
          1.4329802,
          1
        ]
      },
      {
        "date" : 717832519.576177,
        "title" : "Untitled",
        "transform" : [
          1,
          0,
          -0,
          0,
          -0,
          0.86548746,
          -0.5009306,
          0,
          0,
          0.5009306,
          0.86548746,
          0,
          0.030498305,
          0.911381,
          1.2461084,
          1
        ]
      }
    ],
    "8EC6D597-89B4-4107-A4FD-98ACFB9A0B06" : [
      {
        "date" : 717721168.907079,
        "title" : "Untitled",
        "transform" : [
          0.99999994,
          0,
          -0,
          0,
          -0,
          0.8660254,
          -0.49999988,
          0,
          0,
          0.49999988,
          0.8660254,
          0,
          0,
          0.23145995,
          0.40090042,
          1
        ]
      }
    ],
    "39E878DF-DFF8-4590-9DA7-06FB6A011B42" : [
      {
        "date" : 720745293.516295,
        "title" : "Untitled",
        "transform" : [
          0.99999994,
          0,
          -0,
          0,
          -0,
          0.8423358,
          -0.538953,
          0,
          0,
          0.538953,
          0.8423358,
          0,
          0.00032046437,
          1.6916864,
          2.1216824,
          1
        ]
      }
    ],
    "397DD14B-7E89-47BF-A1FB-1BE4B6D64FE6" : [
      {
        "date" : 717832351.865376,
        "title" : "Untitled",
        "transform" : [
          0.9545254,
          -2.7313067e-08,
          0.29812956,
          0,
          0.05822541,
          0.98074305,
          -0.18642113,
          0,
          -0.2923885,
          0.19530246,
          0.9361442,
          0,
          -0.36231592,
          0.589924,
          1.1157372,
          1
        ]
      },
      {
        "date" : 717832343.755055,
        "title" : "Untitled",
        "transform" : [
          0.970819,
          -2.7770124e-08,
          0.23981392,
          0,
          0.061863083,
          0.9661548,
          -0.2504353,
          0,
          -0.23169737,
          0.25796297,
          0.93796134,
          0,
          -0.2858129,
          0.664315,
          1.1019672,
          1
        ]
      },
      {
        "date" : 717832339.15243,
        "title" : "Untitled",
        "transform" : [
          0.9797205,
          -2.9297386e-08,
          0.20036946,
          0,
          0.020678904,
          0.9946602,
          -0.10111103,
          0,
          -0.19929951,
          0.103204,
          0.9744889,
          0,
          -0.25630096,
          0.47860834,
          1.1872956,
          1
        ]
      },
      {
        "date" : 717832331.668463,
        "title" : "Untitled",
        "transform" : [
          0.8429188,
          -2.9857866e-08,
          0.5380406,
          0,
          0.11433626,
          0.97716,
          -0.1791244,
          0,
          -0.52575177,
          0.21250494,
          0.82366663,
          0,
          -0.6374248,
          0.61045766,
          0.97407496,
          1
        ]
      },
      {
        "date" : 717832326.051048,
        "title" : "Untitled",
        "transform" : [
          0.8980406,
          -2.8855927e-08,
          -0.43991274,
          0,
          -0.015160284,
          0.99940604,
          -0.030948287,
          0,
          0.4396513,
          0.034462087,
          0.8975072,
          0,
          0.53299326,
          0.39404136,
          1.1180743,
          1
        ]
      },
      {
        "date" : 717832303.726153,
        "title" : "Untitled",
        "transform" : [
          0.99648684,
          -2.8595943e-08,
          -0.083750255,
          0,
          -0.00083947583,
          0.99994975,
          -0.009988294,
          0,
          0.08374594,
          0.010023579,
          0.9964367,
          0,
          0.09116363,
          0.36367664,
          1.242372,
          1
        ]
      },
      {
        "date" : 717832295.47558,
        "title" : "Untitled",
        "transform" : [
          0.99971247,
          -2.8661471e-08,
          -0.023976145,
          0,
          -0.0029448995,
          0.9924281,
          -0.122790724,
          0,
          0.023794515,
          0.12282612,
          0.9921429,
          0,
          0.015488831,
          0.50195104,
          1.1966057,
          1
        ]
      },
      {
        "date" : 717832266.519246,
        "title" : "Untitled",
        "transform" : [
          0.9922572,
          -3.385105e-08,
          0.12419926,
          0,
          0.029621623,
          0.97114223,
          -0.23665442,
          0,
          -0.12061518,
          0.23850118,
          0.963623,
          0,
          -0.15337647,
          0.63898015,
          1.1190352,
          1
        ]
      },
      {
        "date" : 717832263.586574,
        "title" : "Untitled",
        "transform" : [
          0.88936824,
          -3.5090423e-08,
          -0.45719153,
          0,
          -0.16251554,
          0.9346896,
          -0.31613913,
          0,
          0.42733213,
          0.35546494,
          0.8312833,
          0,
          0.49856234,
          0.7767959,
          0.99873036,
          1
        ]
      },
      {
        "date" : 717832258.988186,
        "title" : "Untitled",
        "transform" : [
          0.9992323,
          -3.1910556e-08,
          0.0391769,
          0,
          0.009389491,
          0.9708545,
          -0.23948534,
          0,
          -0.038035132,
          0.23966943,
          0.9701092,
          0,
          -0.05744072,
          0.6403391,
          1.127988,
          1
        ]
      }
    ],
    "0889C357-08D3-4881-A9DC-C1C59D400CBD" : [
      {
        "date" : 717835932.766529,
        "title" : "Untitled",
        "transform" : [
          0.99928993,
          6.245587e-09,
          0.037676968,
          0,
          0.014784915,
          0.91978896,
          -0.39213488,
          0,
          -0.03465485,
          0.39241344,
          0.9191359,
          0,
          -0.11682333,
          0.75191295,
          0.7526435,
          1
        ]
      },
      {
        "date" : 717835931.132637,
        "title" : "Untitled",
        "transform" : [
          0.9991561,
          6.0733414e-09,
          -0.04107285,
          0,
          -0.0006024462,
          0.99989235,
          -0.014654522,
          0,
          0.04106845,
          0.014666829,
          0.9990487,
          0,
          -0.049230732,
          0.41583282,
          0.9542522,
          1
        ]
      },
      {
        "date" : 717835918.089401,
        "title" : "Untitled",
        "transform" : [
          0.99120957,
          6.2084897e-09,
          0.13230018,
          0,
          0.015603616,
          0.99302053,
          -0.11690451,
          0,
          -0.1313768,
          0.117941186,
          0.9842917,
          0,
          -0.2083307,
          0.51242316,
          0.89279056,
          1
        ]
      },
      {
        "date" : 717834851.710081,
        "title" : "Untitled",
        "transform" : [
          0.88588333,
          5.944278e-09,
          0.4639083,
          0,
          -0.07144778,
          0.9880688,
          0.13643722,
          0,
          -0.45837334,
          -0.15401272,
          0.8753137,
          0,
          -0.5389383,
          0.25085098,
          0.8386427,
          1
        ]
      },
      {
        "date" : 717834836.645202,
        "title" : "Untitled",
        "transform" : [
          0.9917532,
          8.040334e-09,
          0.12816277,
          0,
          0.045759078,
          0.9340895,
          -0.35409448,
          0,
          -0.11971553,
          0.35703892,
          0.92638624,
          0,
          -0.18778327,
          0.7225702,
          0.7634941,
          1
        ]
      },
      {
        "date" : 717834036.35732,
        "title" : "Untitled",
        "transform" : [
          0.9607164,
          3.796797e-09,
          0.27753198,
          0,
          0.009424991,
          0.99942315,
          -0.032625988,
          0,
          -0.2773719,
          0.033960056,
          0.9601622,
          0,
          -0.34716022,
          0.43413258,
          0.8832833,
          1
        ]
      },
      {
        "date" : 717833493.774225,
        "title" : "Untitled",
        "transform" : [
          0.9607164,
          3.796797e-09,
          0.27753198,
          0,
          0.009424991,
          0.99942315,
          -0.032625988,
          0,
          -0.2773719,
          0.033960056,
          0.9601622,
          0,
          -0.34864202,
          0.43560743,
          0.8870535,
          1
        ]
      },
      {
        "date" : 717833347.831227,
        "title" : "Untitled",
        "transform" : [
          0.9366494,
          3.775199e-09,
          0.3502686,
          0,
          0.019480206,
          0.99845225,
          -0.05209183,
          0,
          -0.34972647,
          0.05561508,
          0.9351996,
          0,
          -0.4220707,
          0.45822728,
          0.85448194,
          1
        ]
      },
      {
        "date" : 717833104.583431,
        "title" : "Untitled",
        "transform" : [
          0.8402769,
          6.504216e-09,
          0.54215765,
          0,
          0.17530684,
          0.9462793,
          -0.2717038,
          0,
          -0.5130325,
          0.32335034,
          0.7951366,
          0,
          -0.5085064,
          0.697402,
          0.61098856,
          1
        ]
      },
      {
        "date" : 717833088.317327,
        "title" : "Untitled",
        "transform" : [
          0.8402769,
          -1.1230412e-09,
          0.54215765,
          0,
          0.17530684,
          0.9462793,
          -0.27170384,
          0,
          -0.51303256,
          0.32335037,
          0.79513663,
          0,
          -0.48265862,
          0.65612686,
          0.66552293,
          1
        ]
      }
    ],
    "A9F447F0-C25F-4065-B273-12097F0294C4" : [
      {
        "date" : 717833048.966997,
        "title" : "Untitled",
        "transform" : [
          0.9980144,
          -6.454203e-10,
          0.062986076,
          0,
          0.0077111153,
          0.99247766,
          -0.122182615,
          0,
          -0.06251227,
          0.12242563,
          0.990507,
          0,
          -0.002098559,
          0.4527355,
          1.0529315,
          1
        ]
      },
      {
        "date" : 717833044.833088,
        "title" : "Untitled",
        "transform" : [
          0.9757833,
          -4.735703e-10,
          0.21873944,
          0,
          0.12716864,
          0.81363904,
          -0.56729156,
          0,
          -0.17797494,
          0.58137035,
          0.79393536,
          0,
          -0.165152,
          0.98445106,
          1.0303501,
          1
        ]
      },
      {
        "date" : 717832606.410682,
        "title" : "Untitled",
        "transform" : [
          1,
          0,
          0,
          0,
          0,
          0.86324584,
          -0.5047837,
          0,
          0,
          0.5047837,
          0.86324584,
          0,
          0.0521793,
          0.4878362,
          0.44007918,
          1
        ]
      },
      {
        "date" : 717832603.584383,
        "title" : "Untitled",
        "transform" : [
          1,
          0,
          -0,
          0,
          -0,
          0.86324584,
          -0.5047837,
          0,
          0,
          0.5047837,
          0.86324584,
          0,
          0.0003204643,
          1.4790275,
          1.955533,
          1
        ]
      }
    ],
    "A180DCFE-9F27-47FB-BB22-7D59721D6C2E" : [
      {
        "date" : 717832969.282117,
        "title" : "Untitled",
        "transform" : [
          0.969207,
          1.8908723e-09,
          0.24624768,
          0,
          0.07654733,
          0.9504573,
          -0.30128297,
          0,
          -0.23404783,
          0.31085518,
          0.92118984,
          0,
          -0.31096688,
          0.91123354,
          1.3743192,
          1
        ]
      },
      {
        "date" : 717832962.502414,
        "title" : "Untitled",
        "transform" : [
          0.9989835,
          1.1464526e-09,
          -0.045078766,
          0,
          -0.011850959,
          0.9648246,
          -0.2626267,
          0,
          0.043493167,
          0.262894,
          0.9638438,
          0,
          0.100887835,
          0.8404679,
          1.4142715,
          1
        ]
      },
      {
        "date" : 717832911.344078,
        "title" : "Untitled",
        "transform" : [
          0.9855665,
          9.886847e-10,
          0.16928901,
          0,
          0.08517708,
          0.8642013,
          -0.4958839,
          0,
          -0.1462997,
          0.5031461,
          0.85172784,
          0,
          -0.21614371,
          0.91627324,
          1.2592916,
          1
        ]
      },
      {
        "date" : 717832769.888806,
        "title" : "Untitled",
        "transform" : [
          -0.471018,
          -1.3139021e-09,
          0.88212353,
          0,
          0.21843009,
          0.9688577,
          0.11663276,
          0,
          -0.8546523,
          0.2476185,
          -0.4563494,
          0,
          -0.31969708,
          0.24636406,
          -0.17052391,
          1
        ]
      },
      {
        "date" : 717832720.770531,
        "title" : "Untitled",
        "transform" : [
          1,
          0,
          0,
          0,
          0,
          0.86324584,
          -0.5047837,
          0,
          0,
          0.5047837,
          0.86324584,
          0,
          0.00032046434,
          0.6745526,
          0.56214166,
          1
        ]
      }
    ],
    "AF93F2E4-4066-4ABF-90C5-8166D4CE6592" : [
      {
        "date" : 720723283.675054,
        "title" : "Untitled",
        "transform" : [
          0.98660487,
          1.3276837e-08,
          0.1631287,
          0,
          -0.0025458795,
          0.9998782,
          0.015397413,
          0,
          -0.16310881,
          -0.015606446,
          0.98648465,
          0,
          -0.22782868,
          0.39751464,
          0.963448,
          1
        ]
      },
      {
        "date" : 718255064.311681,
        "title" : "Untitled",
        "transform" : [
          0.9479513,
          1.6237266e-08,
          0.31841528,
          0,
          0.07213238,
          0.97400284,
          -0.2147447,
          0,
          -0.3101374,
          0.22653563,
          0.92330736,
          0,
          -0.33867344,
          0.6244655,
          0.7959266,
          1
        ]
      },
      {
        "date" : 718255062.531237,
        "title" : "Untitled",
        "transform" : [
          0.8843203,
          1.3984827e-08,
          0.46688062,
          0,
          0.037055045,
          0.9968454,
          -0.07018614,
          0,
          -0.4654078,
          0.07936734,
          0.88153076,
          0,
          -0.50123394,
          0.48946822,
          0.8045754,
          1
        ]
      },
      {
        "date" : 718252449.274597,
        "title" : "Untitled",
        "transform" : [
          0.77573174,
          4.412091e-09,
          0.6310627,
          0,
          0.17216109,
          0.96206754,
          -0.21162847,
          0,
          -0.6071249,
          0.2728114,
          0.7463064,
          0,
          -0.5771884,
          0.664952,
          0.6023691,
          1
        ]
      },
      {
        "date" : 718249658.403062,
        "title" : "Untitled",
        "transform" : [
          0.94845915,
          9.117156e-09,
          0.31689942,
          0,
          0.031503532,
          0.99504644,
          -0.094288036,
          0,
          -0.3153296,
          0.0994118,
          0.9437609,
          0,
          -0.36057818,
          0.50839674,
          0.86583614,
          1
        ]
      },
      {
        "date" : 718236291.154474,
        "title" : "Untitled",
        "transform" : [
          0.94845915,
          1.2570747e-08,
          0.31689945,
          0,
          0.031503547,
          0.9950464,
          -0.09428804,
          0,
          -0.31532958,
          0.09941182,
          0.9437609,
          0,
          -0.20131268,
          0.5024062,
          0.7439021,
          1
        ]
      },
      {
        "date" : 718236203.517451,
        "title" : "Untitled",
        "transform" : [
          0.9404916,
          1.3041259e-08,
          0.33981684,
          0,
          0.019636773,
          0.998329,
          -0.054347564,
          0,
          -0.3392489,
          0.057786345,
          0.9389201,
          0,
          -0.2104725,
          0.27300945,
          0.4102273,
          1
        ]
      },
      {
        "date" : 718236180.540891,
        "title" : "Untitled",
        "transform" : [
          0.6984895,
          1.06702425e-08,
          0.71562034,
          0,
          0.16308102,
          0.9736874,
          -0.1591771,
          0,
          -0.6967905,
          0.22788766,
          0.6801106,
          0,
          -0.365424,
          0.34404296,
          0.31091386,
          1
        ]
      },
      {
        "date" : 718236144.197583,
        "title" : "Untitled",
        "transform" : [
          0.975437,
          1.02334505e-08,
          0.22027844,
          0,
          -0.00672485,
          0.99953383,
          0.029778974,
          0,
          -0.22017568,
          -0.030528836,
          0.9749824,
          0,
          -0.159733,
          0.23556677,
          0.42463917,
          1
        ]
      },
      {
        "date" : 718236119.804324,
        "title" : "Untitled",
        "transform" : [
          0.8522839,
          9.647437e-09,
          0.5230794,
          0,
          0.02536694,
          0.9988234,
          -0.041331843,
          0,
          -0.5224639,
          0.048495404,
          0.8512812,
          0,
          -0.5810243,
          0.37710384,
          0.9774126,
          1
        ]
      }
    ],
    "D8AD5F17-8B0C-45BD-B49F-786FE88ACF04" : [
      {
        "date" : 717833032.817099,
        "title" : "Untitled",
        "transform" : [
          0.88280386,
          -1.0193475e-08,
          0.46974167,
          0,
          0.18257977,
          0.92137223,
          -0.34312937,
          0,
          -0.43280697,
          0.38868126,
          0.8133911,
          0,
          -0.41088775,
          0.92426056,
          0.7838772,
          1
        ]
      },
      {
        "date" : 717833026.805096,
        "title" : "Untitled",
        "transform" : [
          0.98014313,
          -1.2441717e-08,
          0.1982914,
          0,
          0.09332896,
          0.8823116,
          -0.4613197,
          0,
          -0.1749548,
          0.47066566,
          0.8647917,
          0,
          -0.16535668,
          1.0036252,
          0.8450171,
          1
        ]
      },
      {
        "date" : 717833016.234738,
        "title" : "Untitled",
        "transform" : [
          0.0017076504,
          6.270759e-09,
          0.99999857,
          0,
          0.7082252,
          0.7059856,
          -0.0012093903,
          0,
          -0.70598453,
          0.7082262,
          0.001205562,
          0,
          -0.5142421,
          1.0213165,
          0.0063657495,
          1
        ]
      },
      {
        "date" : 717833011.648759,
        "title" : "Untitled",
        "transform" : [
          0.9710743,
          6.2203824e-09,
          0.23877773,
          0,
          0.05388624,
          0.9742025,
          -0.21914744,
          0,
          -0.23261787,
          0.22567533,
          0.946023,
          0,
          -0.15390596,
          0.5165267,
          0.63024205,
          1
        ]
      },
      {
        "date" : 717832996.407073,
        "title" : "Untitled",
        "transform" : [
          1,
          0,
          0,
          0,
          0,
          0.86324584,
          -0.5047837,
          0,
          0,
          0.5047837,
          0.86324584,
          0,
          0.0010336345,
          1.0697061,
          1.2763826,
          1
        ]
      },
      {
        "date" : 717832662.720875,
        "title" : "Untitled",
        "transform" : [
          1,
          0,
          0,
          0,
          0,
          0.86324584,
          -0.5047837,
          0,
          0,
          0.5047837,
          0.86324584,
          0,
          0.00032046437,
          0.53863686,
          0.3267287,
          1
        ]
      },
      {
        "date" : 717832647.854078,
        "title" : "Untitled",
        "transform" : [
          1,
          0,
          -0,
          0,
          -0,
          0.86324584,
          -0.5047837,
          0,
          0,
          0.5047837,
          0.86324584,
          0,
          0.0003204643,
          1.4790275,
          1.955533,
          1
        ]
      }
    ]
  },
  "selectedSceneRelativePath" : "..\/..\/..\/..\/JTI_RealityComposerPro\/Scene 1.usd"
}